 state | avg_order_value 
-------+-----------------
 PB    |          248.33
 AC    |          234.29
 RO    |          233.20
 AP    |          232.33
 AL    |          227.08
 RR    |          218.80
 PA    |          215.92
 SE    |          208.44
 PI    |          207.11
 TO    |          204.27
 CE    |          199.90
 MA    |          198.86
 RN    |          196.78
 MT    |          195.23
 PE    |          187.99
 MS    |          186.87
 AM    |          181.60
 BA    |          170.82
 SC    |          165.98
 GO    |          165.76
 DF    |          161.13
 RJ    |          158.53
 RS    |          157.18
 ES    |          154.71
 MG    |          154.71
 PR    |          154.15
 SP    |          137.50
(27 rows)

 payment_value 
---------------
        195.61
         96.95
        383.03
         20.00
         68.39
         20.00
        100.06
        355.03
         90.89
        130.27
        258.03
        105.29
        200.35
        121.21
        596.56
        192.32
        478.14
        157.57
        186.00
        237.46
        223.53
        152.62
        174.73
         42.76
       2155.35
        106.11
        459.25
        600.00
        156.15
        334.02
        674.92
        674.92
         64.43
        100.00
         66.89
        784.90
         98.05
         93.20
       2438.51
        122.83
        124.13
        136.76
        655.93
        216.26
        120.27
        113.70
        152.91
         90.99
        171.76
        341.09
        374.59
        235.22
        161.01
        192.68
        139.87
         73.69
        234.89
        133.18
         72.06
        298.31
        101.59
         85.71
        142.26
        169.99
         94.65
        180.62
        383.03
        844.82
        267.76
        219.57
        142.71
        127.37
         86.37
        133.81
        157.99
        533.32
        533.32
       3406.47
         52.93
        147.40
        165.43
        382.14
        119.45
        433.69
       2844.96
       2844.96
       2844.96
       2844.96
       2844.96
       2844.96
        515.08
        283.91
        788.40
        788.40
        788.40
        788.40
        788.40
         69.04
         36.45
         83.13
        182.83
        122.41
        383.03
       4681.78
        872.43
        539.31
        280.84
        152.62
        919.38
        207.25
         45.20
        119.70
        130.09
         96.43
        100.00
        603.43
        603.43
       1032.11
       1032.11
        279.56
        355.03
        865.38
        203.13
        105.89
         89.75
       1157.19
        192.16
        267.74
         47.84
        173.38
        240.82
        204.16
        204.16
        159.60
         99.75
        182.51
        529.95
         72.84
         75.90
        606.46
         17.84
         20.00
        207.50
        141.75
        928.70
         62.84
        143.24
        160.51
         62.84
        220.39
         62.38
         50.84
         99.90
        251.39
        229.75
        221.50
        251.29
         40.83
         79.97
        199.00
        111.76
        163.38
        144.76
         68.85
        180.76
         93.75
        223.08
        150.00
         53.27
        150.00
        146.88
          7.52
         71.79
         71.79
         97.54
        122.69
        139.80
        139.80
        165.52
        223.08
         90.75
        192.58
        190.09
         62.84
        132.69
        728.43
         48.84
        673.25
         69.40
        353.07
        220.17
         45.84
        218.72
         57.85
        157.54
        196.52
         70.40
        453.92
         72.75
        169.92
        131.82
        202.10
        154.83
        639.60
        339.12
        169.17
        311.10
        311.10
        311.10
        311.10
        311.10
        311.10
        164.29
        189.72
        137.10
         86.75
         58.75
        276.07
        405.52
        574.00
        574.00
        140.06
        456.28
        456.28
         95.84
         81.11
        227.90
        171.24
         77.87
        150.18
        256.50
        256.50
        256.50
        256.50
        256.50
        256.50
        198.86
         27.41
        271.03
        185.56
         47.05
         85.69
         48.05
        178.57
         80.05
        354.90
        113.86
        151.61
        131.08
         79.05
         86.24
        126.34
        284.43
        208.38
        208.38
        173.67
        173.67
        173.67
         59.14
        100.77
        355.01
        195.01
         77.60
         73.05
        144.45
         66.20
        111.43
        257.43
         61.05
         38.14
         64.14
         47.80
        175.60
        175.60
         51.14
         51.14
        147.22
        331.41
        162.85
         81.11
        291.50
        335.46
        335.46
        154.18
        269.35
        597.44
        597.44
        597.44
        597.44
        238.85
        697.14
         70.15
         20.00
         20.00
         39.05
         63.05
        151.70
        204.97
         71.14
        398.88
        100.21
        525.46
        183.29
         96.95
        144.65
        166.71
         64.14
        127.45
         90.90
         50.00
        298.07
         91.06
         87.80
        127.17
         61.28
        167.45
         55.00
        111.33
        302.33
        139.29
       1898.27
        125.14
        125.14
         44.95
         93.28
         93.28
        181.33
       1437.10
        278.22
         83.95
        657.63
        112.35
        144.65
         75.17
        141.96
         10.08
        158.28
         10.08
        158.28
        120.90
        344.62
        344.62
        141.55
        227.87
        267.92
         74.05
        393.90
         65.05
        165.62
        164.52
         96.96
        103.83
        125.94
        198.57
        116.21
         44.50
         30.00
        155.18
        278.22
         83.15
         67.14
        131.08
         74.05
        195.84
        195.84
        195.84
        639.98
        135.22
        657.63
        169.50
         60.42
        231.76
         47.05
        107.90
        117.14
        106.75
        282.38
        118.10
        117.10
        771.69
        287.64
         93.21
        103.28
        455.11
        120.90
        112.94
        344.34
        344.34
         53.90
        660.39
        273.06
        180.82
         58.65
        371.87
         70.95
        178.52
         44.95
        155.45
         97.87
        349.54
        120.90
        103.28
         94.22
         97.04
         62.28
       1229.19
        364.64
        155.84
        381.88
        382.00
        382.00
        778.44
        778.44
        124.43
         46.14
         79.06
         36.05
        180.82
        856.95
       2083.09
        348.07
        274.47
         82.87
        305.57
        132.39
        922.25
        450.00
         81.96
        138.24
        386.88
        178.25
        190.53
        144.56
        198.57
        132.94
        869.09
        137.67
        181.99
        348.07
         46.05
        355.03
        250.28
        195.13
        348.07
        143.01
        145.10
        145.10
        194.82
        152.16
        152.16
        285.36
        285.36
       1265.83
         65.57
        382.30
         87.90
        208.56
        208.56
         66.15
        119.68
         42.56
        119.68
         42.56
         97.87
        348.07
        239.80
        165.32
        165.32
        173.31
        438.82
        290.33
         85.57
        519.29
        519.29
        228.87
         95.58
        125.63
        152.40
        152.40
         69.05
         71.05
         95.73
         67.28
        202.42
        245.84
        245.84
        685.45
         79.15
         78.19
        261.78
        261.78
        261.78
         75.40
        134.01
         41.05
        107.09
        107.09
        107.03
        112.94
        102.90
        149.48
         66.05
        160.30
        138.17
        134.01
        237.87
        209.48
        115.89
        464.34
        464.34
        464.34
        464.34
        153.15
        153.15
        153.15
         84.14
       1442.84
       1442.84
       1442.84
       1442.84
        321.98
        253.87
        157.28
        188.32
        236.12
        100.77
        172.03
        135.92
        104.19
        595.30
         98.06
         50.00
         20.04
         50.00
        107.03
       1304.02
        491.71
        142.10
         91.19
        213.38
        741.44
       1217.78
         95.68
         83.15
        167.48
         87.90
        376.92
        376.92
         74.14
         91.19
        219.74
        219.74
        178.36
        242.24
        561.66
        113.08
         81.21
         54.14
         62.19
        714.62
        185.62
        125.94
        102.30
        102.30
        263.95
        624.59
          1.21
         61.07
         69.15
        286.30
        286.30
        146.08
        105.04
        398.33
         60.78
         42.83
        115.02
        504.33
         75.73
        658.60
        111.40
        111.40
        275.23
         84.90
         63.34
        200.53
        154.72
        154.72
        384.04
         44.83
         51.40
        246.03
         29.74
         82.36
         46.26
         85.82
        185.60
         59.25
        103.55
         99.32
       2324.99
        155.00
         54.34
         49.25
        666.71
        220.74
        219.84
         59.74
        102.69
        189.62
        159.85
         83.90
        137.14
        114.73
        298.55
        298.55
        298.55
         28.93
         52.58
        100.00
        100.00
        100.00
         45.74
        137.14
        189.30
        189.31
         33.41
         33.10
        295.99
         89.52
        134.66
        491.68
         74.74
        307.86
         95.10
         45.24
        378.61
         84.52
         74.74
(639 rows)

